image_width: 640
image_height: 480
camera_name: test_camera
camera_matrix:
  rows: 3
  cols: 3
  data: [501.161360, 0.000000, 319.067174, 0.000000, 501.867524, 236.552843, 0.000000, 0.000000, 1.000000]
distortion_model: plumb_bob
distortion_coefficients:
  rows: 1
  cols: 5
  data: [-0.399546, 0.151135, -0.005033, 0.003680, 0.000000]
rectification_matrix:
  rows: 3
  cols: 3
  data: [1.000000, 0.000000, 0.000000, 0.000000, 1.000000, 0.000000, 0.000000, 0.000000, 1.000000]
projection_matrix:
  rows: 3
  cols: 4
  data: [405.382538, 0.000000, 323.120807, 0.000000, 0.000000, 449.881897, 232.547762, 0.000000, 0.000000, 0.000000, 1.000000, 0.000000]
